100
100
100
100
100
100.32
101.069
102.195
103.591
105.157
106.816
108.512
110.208
111.879
113.51
115.092
116.62
118.091
119.507
120.866
122.172
123.427
124.632
125.79
126.905
127.978
129.011
130.008
130.971
131.9
132.8
133.67
134.514
135.332
136.126
136.898
137.649
138.38
139.092
139.786
140.463
141.125
141.771
142.403
143.021
143.627
144.22
144.802
145.372
145.932
146.482
147.022
147.553
148.075
148.588
149.094
149.591
150.081
150.564
151.039
151.508
151.97
152.426
152.876
153.32
153.759
154.191
154.619
155.041
155.458
155.87
156.278
156.68
157.078
157.472
157.862
158.247
158.628
159.005
159.378
159.748
160.113
160.475
160.833
161.188
161.539
161.887
162.232
162.573
162.912
163.247
163.579
163.908
164.234
164.557
164.877
165.195
165.51
165.822
166.131
166.438
166.742
167.044
167.343
167.64
167.935
168.227
168.517
168.804
169.089
169.372
169.653
169.932
170.208
170.483
170.755
171.026
171.294
171.561
171.825
172.088
172.349
172.608
172.865
173.12
173.374
173.626
173.876
174.125
174.371
174.617
174.86
175.102
175.343
175.582
175.819
176.055
176.289
176.522
176.754
176.984
177.212
177.44
177.666
177.89
178.113
178.335
178.556
178.775
178.993
179.21
179.426
179.64
179.853
180.065
180.276
180.486
180.695
180.902
181.108
181.314
181.518
181.721
181.923
182.124
182.324
182.523
182.721
182.918
183.114
183.309
183.503
183.696
183.888
184.079
184.27
184.459
184.648
184.835
185.022
185.208
185.393
185.577
185.76
185.943
186.124
186.305
186.485
186.665
186.843
187.021
187.198
187.374
187.549
187.724
187.898
188.071
188.243
188.415
188.586
188.756
188.926
189.094
189.263
189.43
189.597
189.763
189.929
190.093
190.258
190.421
190.584
190.746
190.908
191.069
191.229
191.389
191.548
191.707
191.865
192.022
192.179
192.335
192.491
192.646
192.8
192.954
193.107
193.26
193.412
193.564
193.715
193.866
194.016
194.165
194.314
194.463
194.611
194.758
194.905
195.051
195.197
195.343
195.488
195.632
195.776
195.919
196.062
196.205
196.347
196.488
196.629
196.77
196.91
197.049
197.189
197.327
197.466
197.603
197.741
197.878
198.014
198.15
198.286
198.421
198.556
198.69
198.824
198.957
199.09
199.223
199.355
199.487
199.618
199.749
199.879
200.01
200.139
200.269
200.397
200.526
200.654
200.782
200.909
201.036
201.163
201.289
201.415
201.54
201.665
201.79
201.914
202.038
202.162
202.285
202.408
202.53
202.652
202.774
202.895
203.016
203.137
203.257
203.377
203.497
203.616
203.735
203.854
203.972
204.09
204.207
204.324
204.441
204.558
204.674
204.79
204.905
205.02
205.135
205.25
205.364
205.478
205.592
205.705
205.818
205.93
206.043
206.155
206.266
206.378
206.489
206.599
206.71
206.82
206.93
207.039
207.148
207.257
207.366
207.474
207.582
207.69
207.797
207.905
208.011
208.118
208.224
208.33
208.436
208.541
208.646
208.751
208.855
208.96
209.064
209.167
209.271
209.374
209.477
209.579
209.681
209.783
209.885
209.987
210.088
210.189
210.289
210.39
210.49
210.59
210.689
210.789
210.888
210.987
211.085
211.183
211.281
211.379
211.477
211.574
211.671
211.768
211.864
211.96
212.056
212.152
212.247
212.343
212.438
212.532
212.627
212.721
212.815
212.909
213.002
213.095
213.188
213.281
213.374
213.466
213.558
213.65
213.741
213.833
213.924
214.015
214.105
214.196
214.286
214.376
214.466
214.555
214.644
214.733
214.822
214.911
214.999
215.087
215.175
215.263
215.35
215.437
215.524
215.611
215.698
215.784
215.87
215.956
216.042
216.127
216.212
216.297
216.382
216.467
216.551
216.635
216.719
216.803
216.887
216.97
217.053
217.136
217.219
217.301
217.383
217.465
217.547
217.629
217.71
217.792
217.873
217.954
218.034
218.115
218.195
218.275
218.355
218.434
218.514
218.593
218.672
218.751
218.83
218.908
218.986
219.064
219.142
219.22
219.297
219.375
219.452
219.529
219.605
219.682
219.758
219.834
219.91
219.986
220.062
220.137
220.212
220.287
220.362
220.437
220.511
220.586
220.66
220.734
220.807
220.881
220.954
221.028
221.101
221.173
221.246
221.318
221.391
221.463
221.535
221.607
221.678
221.75
221.821
221.892
221.963
222.034
222.104
222.174
222.245
222.315
222.385
222.454
222.524
222.593
222.662
222.731
222.8
222.869
222.937
223.006
223.074
223.142
223.21
223.277
223.345
223.412
223.479
223.546
223.613
223.68
223.746
223.813
223.879
223.945
224.011
224.077
224.142
224.208
224.273
224.338
224.403
224.468
224.532
224.597
224.661
224.725
224.789
224.853
224.917
224.98
225.043
225.107
225.17
225.233
225.295
225.358
225.42
225.483
225.545
225.607
225.669
225.73
225.792
225.853
225.915
225.976
226.037
226.098
226.158
226.219
226.279
226.339
226.399
226.459
226.519
226.579
226.638
226.698
226.757
226.816
226.875
226.934
226.992
227.051
227.109
227.167
227.225
227.283
227.341
227.399
227.456
227.514
227.571
227.628
227.685
227.742
227.799
227.855
227.912
227.968